timestamps:
  login: 1379041147050
  logout: 1379041717105
  lastteleport: 1379041191291
ipAddress: 98.234.54.166
logoutlocation:
  world: world
  x: 645.3000000119209
  y: 65.0
  z: -954.6999999880791
  yaw: 75.758026
  pitch: -15.449998
lastlocation:
  world: world
  x: -184.72517215944515
  y: 59.0
  z: 566.3000000119209
  yaw: -82.64917
  pitch: 19.350008
