timestamps:
  login: 1381363948558
  logout: 1381363971067
  lastteleport: 1380492132151
ipAddress: 67.180.74.58
logoutlocation:
  world: world
  x: -129.5
  y: 63.0
  z: 251.5
  yaw: -7.4999995
  pitch: 44.4
lastlocation:
  world: world
  x: -129.5
  y: 63.0
  z: 251.5
  yaw: -7.4999995
  pitch: 44.4
afk: false
