timestamps:
  login: 1378662334086
  logout: 1378665581800
  lastteleport: 1378663123266
ipAddress: 76.21.119.30
logoutlocation:
  world: world
  x: -184.72517215944515
  y: 59.0
  z: 566.3000000119209
  yaw: -82.64917
  pitch: 19.350008
lastlocation:
  world: world
  x: 215.24079428189236
  y: 44.785282255832875
  z: 114.4321663058972
  yaw: 327.18042
  pitch: -89.85
