timestamps:
  login: 1378662334086
  logout: 1378655821597
  lastteleport: 1378662480142
ipAddress: 76.21.119.30
logoutlocation:
  world: world
  x: -496.74796510858505
  y: 128.20950456237566
  z: 242.17435416286375
  yaw: -2.5497742
  pitch: 67.5
lastlocation:
  world: world
  x: -496.74796510858505
  y: 125.0
  z: 242.17435416286375
  yaw: -67.34978
  pitch: 25.199993
