timestamps:
  login: 1378159631283
  logout: 1378159751578
  lastteleport: 1378159741975
ipAddress: 98.207.152.213
logoutlocation:
  world: world
  x: 481.5
  y: 97.02882134367731
  z: 610.5
  yaw: 120.74826
  pitch: 20.7
lastlocation:
  world: world
  x: 76.56844238401227
  y: 79.87898544712273
  z: 101.72766515368978
  yaw: -81.37897
  pitch: 41.550022
