timestamps:
  login: 1378590079377
  lastteleport: 1378519307721
  logout: 1378590117694
ipAddress: 98.207.152.213
lastlocation:
  world: world
  x: 598.7010325688827
  y: 64.0
  z: 4.159537099134047
  yaw: -14.028076
  pitch: 23.399998
logoutlocation:
  world: world
  x: 610.0693290671084
  y: 63.0
  z: -28.05231494984428
  yaw: 30.371613
  pitch: 12.749983
