timestamps:
  login: 1381174451202
  lastteleport: 1381174519209
  logout: 1381174544258
ipAddress: 64.129.229.106
lastlocation:
  world: world
  x: -34.5
  y: 80.0
  z: 21.5
  yaw: 328.50003
  pitch: 25.500103
logoutlocation:
  world: world
  x: -167.5
  y: 64.0
  z: 252.5
  yaw: -169.35004
  pitch: 2.7000005
afk: false
