timestamps:
  login: 1379225770642
  lastteleport: 1379225755268
  logout: 1379225781934
ipAddress: 98.234.54.166
lastlocation:
  world: world
  x: 1093.300000011921
  y: 57.0
  z: -3174.699999988079
  yaw: 166.31421
  pitch: -63.450016
logoutlocation:
  world: world
  x: 608.5
  y: 62.0
  z: -21.5
  yaw: -69.22841
  pitch: 7.7999706
afk: false
