timestamps:
  login: 1381364103489
  logout: 1381364561258
  lastteleport: 1379472565309
ipAddress: 67.180.74.58
lastlocation:
  world: DIM-23
  x: 524.2746252849977
  y: 45.0
  z: -3202.8186187588153
  yaw: 145.34969
  pitch: 12.45001
logoutlocation:
  world: world
  x: -1027.4249534958367
  y: 68.2000000476837
  z: -323.12609667376404
  yaw: 297.59747
  pitch: 55.950005
