timestamps:
  login: 1378653713818
  logout: 1378655799067
ipAddress: 76.21.119.30
lastlocation:
  world: world
  x: -170.5
  y: 65.0
  z: 246.5
  yaw: 0.0
  pitch: 0.0
logoutlocation:
  world: world
  x: -125.21595392224236
  y: 85.0
  z: 585.7237040982378
  yaw: 341.38843
  pitch: 46.5
