timestamps:
  login: 1379027908274
  logout: 1379030002430
ipAddress: 67.180.74.58
lastlocation:
  world: world
  x: -170.5
  y: 65.0
  z: 246.5
  yaw: 0.0
  pitch: 0.0
logoutlocation:
  world: world
  x: -8.989118963972427
  y: 56.0
  z: 83.77854160428694
  yaw: 60.13867
  pitch: 34.20002
