timestamps:
  login: 1378660032516
  lastteleport: 1378137092044
  logout: 1378660652262
ipAddress: 98.207.157.131
lastlocation:
  world: world
  x: 47.44723540256886
  y: 102.90336272814163
  z: 18.506273108594563
  yaw: -162.29858
  pitch: 14.400011
logoutlocation:
  world: world
  x: 52.85935281145771
  y: 78.12877116912613
  z: 23.55254270914976
  yaw: -76.79867
  pitch: 62.400024
