timestamps:
  login: 1379039893586
  lastteleport: 1379040062721
  logout: 1379040571578
ipAddress: 98.234.54.166
lastlocation:
  world: world
  x: 554.3884072259342
  y: 108.88590814855976
  z: -826.5537631664406
  yaw: 229.81342
  pitch: 26.250008
logoutlocation:
  world: world
  x: 656.538767951608
  y: 60.0
  z: -844.1164952407574
  yaw: 307.81354
  pitch: 39.600025
