world: world
x: 280.30000001192093
y: 63.0
z: 225.69999998807907
yaw: -118.76752
pitch: 24.803297
name: nicks_spot
