world: world
x: 1054.500790492361
y: 76.11558643648539
z: 383.53542562827073
yaw: 21.299898
pitch: 15.600011
name: pasture
